function [c] = AccuSleep_colormap()

c =[0.0314    0.1020    0.3412
    0.0348    0.1050    0.3482
    0.0382    0.1080    0.3552
    0.0415    0.1110    0.3622
    0.0449    0.1141    0.3693
    0.0483    0.1171    0.3763
    0.0517    0.1201    0.3833
    0.0551    0.1232    0.3903
    0.0585    0.1262    0.3974
    0.0619    0.1292    0.4044
    0.0653    0.1322    0.4114
    0.0687    0.1353    0.4184
    0.0721    0.1383    0.4255
    0.0755    0.1413    0.4325
    0.0788    0.1443    0.4395
    0.0822    0.1474    0.4465
    0.0856    0.1504    0.4536
    0.0890    0.1534    0.4606
    0.0924    0.1565    0.4676
    0.0958    0.1595    0.4746
    0.0992    0.1625    0.4817
    0.1026    0.1655    0.4887
    0.1060    0.1686    0.4957
    0.1094    0.1716    0.5027
    0.1128    0.1746    0.5098
    0.1161    0.1777    0.5168
    0.1195    0.1807    0.5238
    0.1229    0.1837    0.5308
    0.1263    0.1867    0.5379
    0.1297    0.1898    0.5449
    0.1331    0.1928    0.5519
    0.1365    0.1958    0.5589
    0.1399    0.1988    0.5660
    0.1410    0.2031    0.5706
    0.1406    0.2080    0.5737
    0.1402    0.2130    0.5769
    0.1399    0.2180    0.5800
    0.1395    0.2229    0.5832
    0.1391    0.2279    0.5863
    0.1388    0.2329    0.5895
    0.1384    0.2378    0.5926
    0.1380    0.2428    0.5958
    0.1377    0.2478    0.5989
    0.1373    0.2527    0.6021
    0.1370    0.2577    0.6052
    0.1366    0.2627    0.6084
    0.1362    0.2676    0.6115
    0.1359    0.2726    0.6147
    0.1355    0.2776    0.6178
    0.1351    0.2825    0.6210
    0.1348    0.2875    0.6241
    0.1344    0.2925    0.6273
    0.1340    0.2974    0.6304
    0.1337    0.3024    0.6336
    0.1333    0.3073    0.6367
    0.1330    0.3123    0.6399
    0.1326    0.3173    0.6430
    0.1322    0.3222    0.6461
    0.1319    0.3272    0.6493
    0.1315    0.3322    0.6524
    0.1311    0.3371    0.6556
    0.1308    0.3421    0.6587
    0.1304    0.3471    0.6619
    0.1301    0.3520    0.6650
    0.1297    0.3570    0.6682
    0.1293    0.3623    0.6712
    0.1287    0.3687    0.6736
    0.1281    0.3751    0.6760
    0.1275    0.3816    0.6784
    0.1268    0.3880    0.6809
    0.1262    0.3944    0.6833
    0.1256    0.4008    0.6857
    0.1250    0.4072    0.6881
    0.1244    0.4137    0.6905
    0.1238    0.4201    0.6930
    0.1232    0.4265    0.6954
    0.1226    0.4329    0.6978
    0.1220    0.4393    0.7002
    0.1214    0.4458    0.7027
    0.1208    0.4522    0.7051
    0.1202    0.4586    0.7075
    0.1196    0.4650    0.7099
    0.1190    0.4714    0.7123
    0.1184    0.4778    0.7148
    0.1178    0.4843    0.7172
    0.1172    0.4907    0.7196
    0.1166    0.4971    0.7220
    0.1159    0.5035    0.7245
    0.1153    0.5099    0.7269
    0.1147    0.5164    0.7293
    0.1141    0.5228    0.7317
    0.1135    0.5292    0.7341
    0.1129    0.5356    0.7366
    0.1123    0.5420    0.7390
    0.1117    0.5485    0.7414
    0.1111    0.5549    0.7438
    0.1105    0.5613    0.7463
    0.1099    0.5677    0.7487
    0.1135    0.5724    0.7493
    0.1179    0.5767    0.7497
    0.1223    0.5811    0.7501
    0.1266    0.5854    0.7504
    0.1310    0.5898    0.7508
    0.1353    0.5942    0.7511
    0.1397    0.5985    0.7515
    0.1441    0.6029    0.7519
    0.1484    0.6072    0.7522
    0.1528    0.6116    0.7526
    0.1571    0.6160    0.7530
    0.1615    0.6203    0.7533
    0.1659    0.6247    0.7537
    0.1702    0.6290    0.7541
    0.1746    0.6334    0.7544
    0.1789    0.6378    0.7548
    0.1833    0.6421    0.7551
    0.1877    0.6465    0.7555
    0.1920    0.6508    0.7559
    0.1964    0.6552    0.7562
    0.2007    0.6596    0.7566
    0.2051    0.6639    0.7570
    0.2095    0.6683    0.7573
    0.2138    0.6726    0.7577
    0.2182    0.6770    0.7581
    0.2225    0.6814    0.7584
    0.2269    0.6857    0.7588
    0.2313    0.6901    0.7591
    0.2356    0.6944    0.7595
    0.2400    0.6988    0.7599
    0.2443    0.7032    0.7602
    0.2487    0.7075    0.7606
    0.2545    0.7111    0.7603
    0.2619    0.7139    0.7594
    0.2693    0.7167    0.7584
    0.2767    0.7195    0.7574
    0.2840    0.7223    0.7564
    0.2914    0.7251    0.7555
    0.2988    0.7278    0.7545
    0.3062    0.7306    0.7535
    0.3136    0.7334    0.7526
    0.3210    0.7362    0.7516
    0.3284    0.7390    0.7506
    0.3358    0.7418    0.7497
    0.3431    0.7446    0.7487
    0.3505    0.7473    0.7477
    0.3579    0.7501    0.7468
    0.3653    0.7529    0.7458
    0.3727    0.7557    0.7448
    0.3801    0.7585    0.7439
    0.3875    0.7613    0.7429
    0.3949    0.7641    0.7419
    0.4022    0.7668    0.7409
    0.4096    0.7696    0.7400
    0.4170    0.7724    0.7390
    0.4244    0.7752    0.7380
    0.4318    0.7780    0.7371
    0.4392    0.7808    0.7361
    0.4466    0.7836    0.7351
    0.4540    0.7863    0.7342
    0.4613    0.7891    0.7332
    0.4687    0.7919    0.7322
    0.4761    0.7947    0.7313
    0.4835    0.7975    0.7303
    0.4910    0.8003    0.7293
    0.4996    0.8037    0.7285
    0.5082    0.8071    0.7276
    0.5168    0.8105    0.7268
    0.5254    0.8139    0.7259
    0.5340    0.8173    0.7251
    0.5426    0.8207    0.7242
    0.5512    0.8241    0.7234
    0.5598    0.8275    0.7225
    0.5684    0.8308    0.7217
    0.5770    0.8342    0.7209
    0.5856    0.8376    0.7200
    0.5942    0.8410    0.7192
    0.6028    0.8444    0.7183
    0.6114    0.8478    0.7175
    0.6200    0.8512    0.7166
    0.6286    0.8546    0.7158
    0.6372    0.8580    0.7149
    0.6458    0.8614    0.7141
    0.6544    0.8648    0.7132
    0.6630    0.8681    0.7124
    0.6716    0.8715    0.7115
    0.6802    0.8749    0.7107
    0.6888    0.8783    0.7098
    0.6974    0.8817    0.7090
    0.7060    0.8851    0.7081
    0.7146    0.8885    0.7073
    0.7232    0.8919    0.7064
    0.7318    0.8953    0.7056
    0.7404    0.8987    0.7047
    0.7490    0.9021    0.7039
    0.7576    0.9054    0.7031
    0.7662    0.9088    0.7022
    0.7720    0.9111    0.7017
    0.7767    0.9129    0.7013
    0.7814    0.9147    0.7010
    0.7862    0.9166    0.7006
    0.7909    0.9184    0.7002
    0.7956    0.9202    0.6999
    0.8003    0.9220    0.6995
    0.8051    0.9238    0.6992
    0.8098    0.9256    0.6988
    0.8145    0.9275    0.6984
    0.8192    0.9293    0.6981
    0.8240    0.9311    0.6977
    0.8287    0.9329    0.6973
    0.8334    0.9347    0.6970
    0.8381    0.9365    0.6966
    0.8428    0.9384    0.6963
    0.8476    0.9402    0.6959
    0.8523    0.9420    0.6955
    0.8570    0.9438    0.6952
    0.8617    0.9456    0.6948
    0.8665    0.9474    0.6944
    0.8712    0.9493    0.6941
    0.8759    0.9511    0.6937
    0.8806    0.9529    0.6933
    0.8854    0.9547    0.6930
    0.8901    0.9565    0.6926
    0.8948    0.9583    0.6923
    0.8995    0.9601    0.6919
    0.9043    0.9620    0.6915
    0.9090    0.9638    0.6912
    0.9137    0.9656    0.6908
    0.9184    0.9674    0.6904
    0.9225    0.9690    0.6919
    0.9253    0.9701    0.6972
    0.9280    0.9712    0.7025
    0.9308    0.9723    0.7077
    0.9336    0.9734    0.7130
    0.9363    0.9745    0.7182
    0.9391    0.9756    0.7235
    0.9419    0.9767    0.7288
    0.9446    0.9779    0.7340
    0.9474    0.9790    0.7393
    0.9502    0.9801    0.7445
    0.9529    0.9812    0.7498
    0.9557    0.9823    0.7551
    0.9585    0.9834    0.7603
    0.9612    0.9845    0.7656
    0.9640    0.9856    0.7708
    0.9668    0.9867    0.7761
    0.9696    0.9878    0.7814
    0.9723    0.9889    0.7866
    0.9751    0.9900    0.7919
    0.9779    0.9911    0.7971
